1 24.0 40.0 671
2 24.0 40.0 671
3 24.0 40.0 499
4 24.0 40.0 413
5 24.0 40.0 362
6 24.0 32.0 259
7 16.7 24.0 156
8 13.1 16.0 156
9 9.5 8.0 156
10 5.9 0.0 156
11 2.4 0.0 156
12 6.1 0.0 156
13 6.1 0.0 156
14 6.1 0.0 156
15 6.1 0.0 156
16 6.1 0.0 156
17 6.1 0.0 156
18 6.1 0.0 166
19 6.1 0.0 179
20 6.1 0.0 199
21 6.1 0.0 225
22 6.1 0.0 251
23 6.1 3.0 267
26 12.4 12.0 285
27 17.3 16.5 285
28 21.9 21.0 285
29 26.5 22.5 285
30 28.3 22.5 285
31 29.3 22.5 285
32 29.0 22.5 285
33 29.0 22.5 285
34 28.2 22.5 285
35 27.3 22.5 285
36 26.5 22.5 285
37 25.6 22.5 294
38 24.8 22.5 306
39 24.8 22.5 307
42 24.8 22.5 310
43 24.8 22.5 303
44 24.8 22.5 292
47 24.8 22.5 300
50 24.8 22.5 321
51 24.8 24.2 331
52 24.8 26.9 342
53 27.0 29.6 345
54 29.2 32.3 345
55 31.4 35.0 345
56 33.6 36.0 345
57 35.8 36.0 345
58 35.8 36.0 345
59 35.8 36.0 345
60 35.8 36.0 359
61 35.8 36.0 375
62 35.8 36.0 396
68 35.8 36.0 510
69 35.8 36.0 549
75 27.0 46.2 612
76 23.1 45.9 612
77 19.2 44.5 612
78 13.2 39.7 612
79 16.3 34.9 575
80 16.3 30.1 499
81 16.3 29.0 423
82 16.3 29.0 347
83 16.3 29.0 270
84 18.0 29.0 231
85 20.9 29.0 231
86 23.3 29.0 231
87 25.6 29.0 231
88 28.0 29.0 231
89 28.7 29.0 231
90 28.2 29.0 231